density	0.126537
clustering_coeff_average(binary)	0.565996
clustering_coeff_average(weighted)	0.0186498
transitivity(binary)	0.0847341
transitivity(weighted)	0.0173425
network_characteristic_path_length(binary)	2.48529
network_characteristic_path_length(weighted)	49.8852
small-worldness(binary)	0.227739
small-worldness(weighted)	0.000373854
global_efficiency(binary)	0.467734
global_efficiency(weighted)	0.0344476
diameter_of_graph(binary)	6
diameter_of_graph(weighted)	287.109
radius_of_graph(binary)	3
radius_of_graph(weighted)	149.558
assortativity_coefficient(binary)	0.0208927
assortativity_coefficient(weighted)	0.0805778
rich_club_k5(binary)	0.14195
rich_club_k10(binary)	0.184837
rich_club_k15(binary)	0.256327
rich_club_k20(binary)	0.384211
rich_club_k25(binary)	0.464286
rich_club_k5(weighted)	0.984291
rich_club_k10(weighted)	0.852395
rich_club_k15(weighted)	0.491285
rich_club_k20(weighted)	0.128831
rich_club_k25(weighted)	0.118568
network_measures	aal116_mni_2001	aal116_mni_2002	aal116_mni_2101	aal116_mni_2102	aal116_mni_2111	aal116_mni_2112	aal116_mni_2201	aal116_mni_2202	aal116_mni_2211	aal116_mni_2212	aal116_mni_2301	aal116_mni_2302	aal116_mni_2311	aal116_mni_2312	aal116_mni_2321	aal116_mni_2322	aal116_mni_2331	aal116_mni_2332	aal116_mni_2401	aal116_mni_2402	aal116_mni_2501	aal116_mni_2502	aal116_mni_2601	aal116_mni_2602	aal116_mni_2611	aal116_mni_2612	aal116_mni_2701	aal116_mni_2702	aal116_mni_3001	aal116_mni_3002	aal116_mni_4001	aal116_mni_4002	aal116_mni_4011	aal116_mni_4012	aal116_mni_4021	aal116_mni_4022	aal116_mni_4101	aal116_mni_4102	aal116_mni_4111	aal116_mni_4112	aal116_mni_4201	aal116_mni_4202	aal116_mni_5001	aal116_mni_5002	aal116_mni_5011	aal116_mni_5012	aal116_mni_5021	aal116_mni_5022	aal116_mni_5101	aal116_mni_5102	aal116_mni_5201	aal116_mni_5202	aal116_mni_5301	aal116_mni_5302	aal116_mni_5401	aal116_mni_5402	aal116_mni_6001	aal116_mni_6002	aal116_mni_6101	aal116_mni_6102	aal116_mni_6201	aal116_mni_6202	aal116_mni_6211	aal116_mni_6212	aal116_mni_6221	aal116_mni_6222	aal116_mni_6301	aal116_mni_6302	aal116_mni_6401	aal116_mni_6402	aal116_mni_7001	aal116_mni_7002	aal116_mni_7011	aal116_mni_7012	aal116_mni_7021	aal116_mni_7022	aal116_mni_7101	aal116_mni_7102	aal116_mni_8101	aal116_mni_8102	aal116_mni_8111	aal116_mni_8112	aal116_mni_8121	aal116_mni_8122	aal116_mni_8201	aal116_mni_8202	aal116_mni_8211	aal116_mni_8212	aal116_mni_8301	aal116_mni_8302	aal116_mni_9001	aal116_mni_9002	aal116_mni_9011	aal116_mni_9012	aal116_mni_9021	aal116_mni_9022	aal116_mni_9031	aal116_mni_9032	aal116_mni_9041	aal116_mni_9042	aal116_mni_9051	aal116_mni_9052	aal116_mni_9061	aal116_mni_9062	aal116_mni_9071	aal116_mni_9072	aal116_mni_9081	aal116_mni_9082	aal116_mni_9100	aal116_mni_9110	aal116_mni_9120	aal116_mni_9130	aal116_mni_9140	aal116_mni_9150	aal116_mni_9160	aal116_mni_9170	
degree(binary)	20	13	26	26	12	15	19	18	10	8	11	13	13	14	13	16	14	19	33	31	7	10	19	17	12	15	14	13	28	20	22	18	18	21	12	12	20	31	16	11	5	6	16	17	15	13	18	22	13	16	17	16	11	10	27	26	14	15	7	9	14	9	12	9	12	11	24	23	21	17	23	23	21	22	5	6	7	8	9	7	16	14	20	10	18	17	5	4	24	24	14	16	16	14	6	8	14	10	17	16	9	3	17	12	6	8	3	6	4	5	15	18	18	14	6	5	
strength(weighted)	1.22567	0.842999	2.57464	2.54237	0.485663	0.606275	2.39038	1.63006	0.312588	0.225408	0.476533	0.679697	1.11315	0.535682	0.634178	0.521024	0.681883	0.472547	3.05799	2.37264	0.0578629	0.0509194	2.45917	1.47975	0.338305	0.498007	0.249711	0.338562	1.18555	0.706828	0.874245	1.0405	0.433329	0.935194	0.166517	0.21525	0.531567	0.661695	0.223351	0.241867	0.0862801	0.186576	1.02919	1.00399	0.997557	0.9973	0.816639	1.05941	1.02147	1.1264	2.03973	1.31002	0.442716	0.44053	1.47152	1.30256	0.799023	0.668381	0.633792	0.620419	1.08371	0.34512	0.421756	0.333033	0.711843	0.725858	1.10827	1.08679	0.573357	0.564614	0.548283	0.82474	0.788736	0.749389	0.113411	0.0479619	0.20342	0.205735	0.200849	0.281085	1.4134	0.820754	0.680597	0.407355	1.9033	1.30127	0.103896	0.110454	1.77884	1.01376	1.87052	1.91565	0.988942	1.06828	0.0286743	0.134628	0.559213	0.67301	1.4728	1.42626	0.304359	0.191076	0.670824	0.508165	0.129999	0.137842	0.0270027	0.0261026	0.0137585	0.0192876	0.37238	0.290343	0.189919	0.193262	0.0375466	0.0248168	
cluster_coef(binary)	0.436842	0.75641	0.436923	0.452308	0.772727	0.609524	0.549708	0.601307	0.8	0.785714	0.8	0.833333	0.730769	0.703297	0.705128	0.533333	0.593407	0.508772	0.340909	0.356989	0.571429	0.488889	0.549708	0.610294	0.651515	0.580952	0.615385	0.576923	0.375661	0.463158	0.493506	0.581699	0.411765	0.395238	0.484848	0.575758	0.368421	0.283871	0.366667	0.436364	1	0.866667	0.483333	0.433824	0.47619	0.589744	0.398693	0.380952	0.602564	0.508333	0.514706	0.541667	0.672727	0.688889	0.319088	0.323077	0.505495	0.485714	0.809524	0.638889	0.604396	0.611111	0.666667	0.638889	0.621212	0.618182	0.358696	0.399209	0.357143	0.441176	0.399209	0.418972	0.442857	0.493506	0.9	0.933333	0.619048	0.571429	0.694444	0.761905	0.575	0.527473	0.447368	0.577778	0.48366	0.455882	0.9	1	0.347826	0.326087	0.615385	0.45	0.466667	0.43956	0.733333	0.678571	0.56044	0.488889	0.529412	0.491667	0.722222	1	0.441176	0.484848	0.6	0.607143	1	0.733333	0.5	0.3	0.447619	0.470588	0.398693	0.340659	0.733333	0.8	
cluster_coef(weighted)	0.0207478	0.0250733	0.0223155	0.0245324	0.0202573	0.0173608	0.0357988	0.0291794	0.0214314	0.0200193	0.0339322	0.0306775	0.0401586	0.0243642	0.0277175	0.0151961	0.0242369	0.0110339	0.0205812	0.0178742	0.00536828	0.00388465	0.0354917	0.034254	0.0144681	0.0140501	0.00939402	0.00956182	0.0132302	0.0145331	0.017749	0.0267523	0.0114794	0.0173266	0.00665504	0.00993554	0.00909212	0.00503374	0.00548865	0.00953819	0.0156334	0.020145	0.023158	0.0198742	0.0240653	0.0306153	0.0153304	0.013984	0.0336644	0.024051	0.0359822	0.0290815	0.0237152	0.0255521	0.0109348	0.0109769	0.0211275	0.0105432	0.0620877	0.0364232	0.0272753	0.0204649	0.020887	0.0195131	0.0293813	0.0255123	0.012697	0.0138472	0.0073829	0.00975603	0.00681664	0.0121136	0.0130803	0.0141945	0.0184123	0.00772529	0.0119382	0.0123648	0.0187885	0.0193196	0.0275759	0.0184598	0.0127795	0.0198359	0.0268198	0.0204543	0.0264401	0.0341596	0.0142289	0.0106891	0.0325107	0.0248581	0.0141308	0.0153468	0.00639097	0.014372	0.0160609	0.0211113	0.0207108	0.0210577	0.0158979	0.0689556	0.00986684	0.011902	0.0122458	0.00914782	0.0194023	0.00793213	0.00220118	0.00162461	0.0122337	0.00870406	0.00545286	0.00456218	0.00574424	0.00531887	
local_efficiency(binary)	0.715789	0.878205	0.71641	0.724103	0.886364	0.804762	0.774854	0.800654	0.9	0.892857	0.9	0.916667	0.865385	0.851648	0.852564	0.755556	0.79304	0.752437	0.650884	0.665233	0.769841	0.716667	0.774854	0.805147	0.823232	0.785714	0.807692	0.786325	0.664462	0.723684	0.743146	0.78976	0.675381	0.65873	0.737374	0.787879	0.644737	0.607348	0.606944	0.712121	1	0.933333	0.740278	0.704657	0.734921	0.794872	0.679739	0.670274	0.801282	0.75	0.753676	0.770833	0.836364	0.844444	0.636752	0.634359	0.739927	0.722222	0.904762	0.814815	0.800366	0.800926	0.833333	0.819444	0.810606	0.809091	0.651268	0.682477	0.648413	0.709559	0.680501	0.689065	0.70873	0.735931	0.95	0.966667	0.801587	0.77381	0.847222	0.880952	0.7875	0.758242	0.713158	0.785185	0.737473	0.721814	0.95	1	0.653986	0.644324	0.807692	0.709722	0.727778	0.705128	0.866667	0.839286	0.776557	0.722222	0.757353	0.740278	0.861111	1	0.70098	0.734848	0.8	0.803571	1	0.866667	0.722222	0.433333	0.714286	0.730937	0.688453	0.630952	0.866667	0.9	
local_efficiency(weighted)	0.0403395	0.0418748	0.0463566	0.0494776	0.0321412	0.0332022	0.0588036	0.0488101	0.0298127	0.0262666	0.0448438	0.04801	0.0565456	0.0370067	0.0430565	0.0273361	0.0363093	0.0226002	0.0565419	0.0423027	0.00824953	0.00751683	0.0656719	0.0548907	0.0225869	0.0245156	0.01605	0.0150043	0.031423	0.0303518	0.0365807	0.0465891	0.0239419	0.0342937	0.0130909	0.0170922	0.0217258	0.0177588	0.0105055	0.0174962	0.0170497	0.0239513	0.0447969	0.0384765	0.0399165	0.0489986	0.0315408	0.0326011	0.0503648	0.0389477	0.0667393	0.0564627	0.0375144	0.0353935	0.0308566	0.0282617	0.0368088	0.0248078	0.084493	0.0584928	0.0437479	0.0296407	0.0327845	0.0333945	0.0446674	0.0403688	0.0329093	0.0302556	0.0224038	0.0231208	0.0161771	0.0284728	0.0265329	0.0289389	0.0229062	0.0112636	0.0206724	0.0235858	0.0267598	0.0248525	0.0487262	0.0329848	0.0247808	0.0333785	0.0503834	0.038837	0.0297392	0.0371235	0.0332996	0.0272906	0.0497218	0.0453223	0.0243495	0.026622	0.00886898	0.019698	0.0268931	0.0305482	0.0340293	0.0374212	0.0244914	0.0756279	0.0204376	0.0208219	0.0172106	0.01285	0.0217486	0.0124687	0.00356965	0.00258699	0.0223347	0.0174075	0.0128297	0.00959133	0.00837491	0.0065943	
betweenness_centrality(binary)	228.094	12.1322	288.071	213.868	14.5648	23.0621	101.859	69.5594	7.29374	2.23184	6.77397	8.2857	10.0405	32.0222	12.3913	106.331	54.7794	142.18	755.545	621.367	32.0724	46.5345	121.676	53.3268	15.8882	45.0968	42.6987	44.425	665.38	253.426	183.974	73.9624	298.385	448.931	75.3631	34.3363	416.004	1224.67	339.782	84.9018	0	1.47087	93.4819	160.834	89.1834	48.6295	278.752	559.735	28.5894	116.474	117.7	92.0058	13.0047	33.745	1187.8	1052.27	98.9819	98.0499	2.62285	11.5244	44.3403	10.6516	21.152	13.9642	28.1348	17.6494	480.864	311.669	417.839	144.695	244.263	229.507	461.97	448.839	0.597966	0.735057	20.8603	10.9995	19.9933	5.397	77.9191	62.8092	322.054	32.5197	92.7717	105.199	0.597222	0	721.46	742.576	61.3614	282.431	276.327	347.394	8.34024	19.9245	154.473	248.216	214.628	265.662	57.2269	0	512.735	82.9385	8.80097	29.0516	0	5.21348	1.48407	25.4146	176.361	290.856	218.128	174.687	8.58135	1.59921	
betweenness_centrality(weighted)	212.743	11.8174	277.87	205.166	12.1621	21.4251	95.9477	64.8051	5.8364	2.23184	7.12489	7.95031	11.1546	29.6686	11.9142	103.023	55.5398	133.427	722.535	644.993	25.9672	41.5427	108.299	47.11	15.5825	40.9751	36.8584	34.1202	649.369	234.546	167.044	70.3675	281.191	438.037	68.6005	32.2553	426.842	1332.75	348.453	78.2424	0	1.94622	88.4128	148.358	83.5587	42.6104	264.22	505.336	27.2397	103.486	110.124	81.3049	12.4671	29.027	1099.2	969.274	99.3577	98.7002	2.77669	11.4664	60.6035	11.7078	33.4067	14.3147	27.4127	17.019	445.581	294.753	415.453	137.604	239.47	212.238	411.906	401.223	0.57553	0.663192	19.4717	10.8558	37.664	5.36155	103.439	61.8039	345.06	29.2544	85.9155	104.56	0.597222	0	695.16	698.702	51.7432	252.648	233.37	289.655	7.42092	16.6817	135.091	246.833	172.97	230.992	48.1259	0	456.8	57.5682	7.829	18.6983	0	5.041	1.47037	23.1437	154.604	248.877	174.346	146.184	6.3637	1.4156	
eigenvector_centrality(binary)	0.132554	0.106097	0.189072	0.191653	0.0877134	0.104011	0.145721	0.144684	0.0697572	0.0559193	0.0842735	0.108423	0.0994361	0.113202	0.0909995	0.111016	0.0884563	0.11866	0.237255	0.222037	0.0465189	0.0628798	0.152763	0.141275	0.0834828	0.100096	0.0950641	0.0841797	0.165276	0.122132	0.168788	0.147362	0.129568	0.1434	0.070998	0.0786073	0.118182	0.17575	0.0719233	0.0555237	0.0324469	0.0334687	0.0719642	0.0716152	0.0620614	0.0635557	0.0649974	0.0840626	0.0537604	0.0718052	0.0808144	0.0726331	0.0490511	0.0439709	0.109669	0.0996882	0.0805884	0.0942592	0.0281984	0.0385005	0.0676438	0.0385417	0.0620729	0.0426758	0.0504522	0.0485271	0.112367	0.117772	0.130347	0.119788	0.152932	0.157387	0.146222	0.157938	0.0461002	0.0533069	0.0559447	0.0602183	0.0537161	0.0412271	0.0925929	0.0732539	0.119128	0.0451385	0.0804435	0.0765055	0.0266891	0.0180889	0.0993506	0.104343	0.0365653	0.0356624	0.0324474	0.0276252	0.014376	0.0187233	0.0396841	0.0318748	0.0485481	0.0442129	0.0239793	0.00427695	0.0338016	0.0137153	0.00713951	0.00789567	0.00407622	0.0089416	0.00697934	0.0109744	0.0372537	0.0446856	0.0296588	0.0140613	0.00447068	0.00387696	
eigenvector_centrality(weighted)	0.104684	0.0345419	0.482863	0.252734	0.0192537	0.0174868	0.399412	0.143836	0.0249991	0.00614157	0.0517894	0.0346638	0.166899	0.0392289	0.0682722	0.0232687	0.0756923	0.0264133	0.335692	0.213905	0.0023366	0.00130924	0.438133	0.241098	0.0251634	0.0236014	0.0112584	0.00546268	0.0863844	0.0145341	0.091547	0.10499	0.0372295	0.0896867	0.00118229	0.00458615	0.015859	0.00866563	0.00131588	0.00045995	0.000351268	0.00027404	0.00194876	0.0020375	0.00173936	0.00213123	0.00167451	0.00111896	0.00193676	0.0022127	0.00456556	0.00272243	0.00126671	0.000423495	0.00648915	0.00188974	0.0324251	0.0095723	0.00184141	0.00115878	0.00629029	0.000421472	0.00330285	0.000952416	0.00294805	0.000786638	0.00361573	0.0071079	0.0137825	0.0211547	0.059683	0.0599735	0.0723389	0.036223	0.0268139	0.0025953	0.00360761	0.00471135	0.00424718	0.000459383	0.0156271	0.001813	0.0224724	0.000913987	0.0129598	0.00172627	0.000891615	8.21462e-05	0.0121426	0.00138902	0.00478746	0.000836237	0.000969479	0.000279504	2.26146e-05	3.73837e-05	0.000965155	0.000229829	0.00304728	0.000494963	0.000210979	2.42218e-05	0.000344055	5.94107e-05	2.77438e-05	7.00213e-06	6.71481e-06	4.77246e-06	1.49879e-06	2.68326e-06	0.000234092	0.00026112	6.96441e-05	2.35424e-05	1.24459e-06	3.89579e-07	
pagerank_centrality(binary)	0.0109474	0.00734233	0.0135017	0.0135219	0.00687632	0.00832989	0.0101226	0.0096167	0.00597083	0.00502213	0.00639792	0.00728275	0.00733042	0.00777418	0.0074637	0.00892756	0.00798159	0.010609	0.0168127	0.0158752	0.00461005	0.00606447	0.0099961	0.00904289	0.00689247	0.0084192	0.00788704	0.00744561	0.0148952	0.0111416	0.0114607	0.00953043	0.00965139	0.0111922	0.00701624	0.00695392	0.0111726	0.0167592	0.0096994	0.00691236	0.00369036	0.00429931	0.00912597	0.00983	0.00870603	0.00761583	0.0105468	0.0126619	0.00772621	0.00923581	0.00961199	0.00926784	0.0066567	0.00628138	0.0152667	0.0150742	0.00808731	0.00865024	0.00473267	0.00581721	0.0081559	0.0058682	0.00709118	0.00585005	0.00722684	0.00684049	0.0130546	0.0125727	0.0113266	0.00932123	0.0123423	0.0121847	0.0112094	0.0116631	0.00356379	0.00404508	0.00458407	0.0051172	0.00558612	0.00469268	0.00902477	0.00835166	0.0111612	0.00656105	0.0102384	0.0100965	0.00372842	0.00333695	0.0135977	0.0137936	0.00905089	0.0108139	0.010966	0.00986875	0.00460122	0.00581372	0.00909326	0.00690555	0.010587	0.0102364	0.00632395	0.00312178	0.0117231	0.00924723	0.00533662	0.00660976	0.00321784	0.00495485	0.00361564	0.00413092	0.00981617	0.0115287	0.0122678	0.0105835	0.00542406	0.00464069	
pagerank_centrality(weighted)	0.0114966	0.0092711	0.0210184	0.0224204	0.00663999	0.00821513	0.019361	0.0152585	0.00425374	0.003671	0.00499918	0.00738127	0.00993324	0.00593087	0.00692367	0.00649526	0.00669897	0.00569712	0.0263458	0.0215459	0.00186278	0.0018608	0.0200672	0.0127922	0.00469321	0.00671639	0.00397094	0.00528768	0.0119519	0.00866216	0.00876514	0.0101375	0.00499632	0.00919741	0.00304627	0.00335831	0.00694033	0.00937839	0.00465462	0.00460441	0.00257688	0.00384906	0.00993526	0.0103878	0.00947975	0.0100479	0.00859333	0.0119046	0.0096542	0.0115426	0.0183605	0.0139868	0.00494374	0.00553156	0.0159265	0.0162979	0.0078925	0.00807545	0.00642847	0.00727269	0.0102837	0.00478508	0.00475971	0.00476549	0.00718076	0.0087075	0.010877	0.0115606	0.00746729	0.00714296	0.00664377	0.00904533	0.00833833	0.00857989	0.00212161	0.00177438	0.00362344	0.00353181	0.00292562	0.00426895	0.0131685	0.0104407	0.00752439	0.00612956	0.0170689	0.0151831	0.0022144	0.0025326	0.0163954	0.0119495	0.0205886	0.0246549	0.0157619	0.0175505	0.0016628	0.00291392	0.00769434	0.00884073	0.0164997	0.0182164	0.00551886	0.00417365	0.0136631	0.010652	0.00394667	0.00467094	0.0017797	0.00166849	0.00153252	0.00164236	0.00579461	0.00544566	0.00461753	0.00587715	0.00243439	0.00201929	
eccentricity(binary)	4	5	5	5	5	5	5	5	5	5	5	5	5	5	5	5	5	4	4	4	5	5	5	5	6	5	5	5	4	4	5	5	4	4	4	4	4	4	4	4	4	4	4	4	4	4	4	4	4	4	4	4	4	4	3	3	5	5	5	5	4	5	4	4	4	4	4	4	4	4	5	5	4	4	5	5	4	5	4	4	4	4	4	4	4	4	4	4	4	3	4	4	4	4	4	4	4	4	4	4	4	5	4	5	5	5	5	5	5	4	4	4	5	5	5	6	
eccentricity(weighted)	191.394	204.129	195.699	195.797	214.217	203.349	194.247	197.228	212.304	211.631	199.676	203.769	196.092	203.024	203.293	196.393	195.659	200.281	192.334	194.742	228.212	287.109	196.699	198.497	212.768	211.523	221.738	210.523	193.647	182.124	204.656	199.727	206.843	199.079	207.706	200.995	181.608	176.918	192.61	183.772	210.823	187.31	181.361	180.542	182.081	184.08	176.198	176.1	181.97	182.501	178.135	183.238	185.192	181.581	168.382	168.06	187.864	207.679	186.409	190.244	182.551	193.813	185.525	198.22	185.871	186.807	186.515	188.824	209.282	204.319	196.614	199.45	197.844	188.675	207.927	222.936	194.513	213.776	188.828	183.013	173.609	178.073	176.655	174.719	172.366	174.848	200.293	195.293	170.877	172.591	166.554	165.56	170.113	167.626	233.124	178.868	168.316	169.665	164.927	167.532	174.252	175.372	173.145	171.028	184.083	183.372	240.188	235.252	287.109	281.371	174.807	149.558	188.914	183.077	238.922	269.489	
