density	0.136364
clustering_coeff_average(binary)	0.558179
clustering_coeff_average(weighted)	0.0334743
transitivity(binary)	0.0872857
transitivity(weighted)	0.0293234
network_characteristic_path_length(binary)	2.4792
network_characteristic_path_length(weighted)	22.8728
small-worldness(binary)	0.225145
small-worldness(weighted)	0.0014635
global_efficiency(binary)	0.470297
global_efficiency(weighted)	0.0608819
diameter_of_graph(binary)	5
diameter_of_graph(weighted)	57.833
radius_of_graph(binary)	3
radius_of_graph(weighted)	33.8291
assortativity_coefficient(binary)	0.0517193
assortativity_coefficient(weighted)	0.115484
rich_club_k5(binary)	0.138116
rich_club_k10(binary)	0.189234
rich_club_k15(binary)	0.285714
rich_club_k20(binary)	0.266667
rich_club_k25(binary)	0
rich_club_k5(weighted)	0.996233
rich_club_k10(weighted)	0.666161
rich_club_k15(weighted)	0.183591
rich_club_k20(weighted)	0.0897561
rich_club_k25(weighted)	0
network_measures	schaefer100_mni_1	schaefer100_mni_2	schaefer100_mni_3	schaefer100_mni_4	schaefer100_mni_5	schaefer100_mni_6	schaefer100_mni_7	schaefer100_mni_8	schaefer100_mni_9	schaefer100_mni_10	schaefer100_mni_11	schaefer100_mni_12	schaefer100_mni_13	schaefer100_mni_14	schaefer100_mni_15	schaefer100_mni_16	schaefer100_mni_17	schaefer100_mni_18	schaefer100_mni_19	schaefer100_mni_20	schaefer100_mni_21	schaefer100_mni_22	schaefer100_mni_23	schaefer100_mni_24	schaefer100_mni_25	schaefer100_mni_26	schaefer100_mni_27	schaefer100_mni_28	schaefer100_mni_29	schaefer100_mni_30	schaefer100_mni_31	schaefer100_mni_32	schaefer100_mni_33	schaefer100_mni_34	schaefer100_mni_35	schaefer100_mni_36	schaefer100_mni_37	schaefer100_mni_38	schaefer100_mni_39	schaefer100_mni_40	schaefer100_mni_41	schaefer100_mni_42	schaefer100_mni_43	schaefer100_mni_44	schaefer100_mni_45	schaefer100_mni_46	schaefer100_mni_47	schaefer100_mni_48	schaefer100_mni_49	schaefer100_mni_50	schaefer100_mni_51	schaefer100_mni_52	schaefer100_mni_53	schaefer100_mni_54	schaefer100_mni_55	schaefer100_mni_56	schaefer100_mni_57	schaefer100_mni_58	schaefer100_mni_59	schaefer100_mni_60	schaefer100_mni_61	schaefer100_mni_62	schaefer100_mni_63	schaefer100_mni_64	schaefer100_mni_65	schaefer100_mni_66	schaefer100_mni_67	schaefer100_mni_68	schaefer100_mni_69	schaefer100_mni_70	schaefer100_mni_71	schaefer100_mni_72	schaefer100_mni_73	schaefer100_mni_74	schaefer100_mni_75	schaefer100_mni_76	schaefer100_mni_77	schaefer100_mni_78	schaefer100_mni_79	schaefer100_mni_80	schaefer100_mni_81	schaefer100_mni_82	schaefer100_mni_83	schaefer100_mni_84	schaefer100_mni_85	schaefer100_mni_86	schaefer100_mni_87	schaefer100_mni_88	schaefer100_mni_89	schaefer100_mni_90	schaefer100_mni_91	schaefer100_mni_92	schaefer100_mni_93	schaefer100_mni_94	schaefer100_mni_95	schaefer100_mni_96	schaefer100_mni_97	schaefer100_mni_98	schaefer100_mni_99	schaefer100_mni_100	
degree(binary)	9	15	8	19	10	13	18	12	15	15	18	15	14	25	12	15	12	8	11	13	14	19	17	19	33	10	22	8	7	14	14	12	16	16	14	15	8	7	26	16	8	12	19	14	18	10	14	13	8	9	8	12	16	12	17	15	9	7	5	17	14	16	12	9	21	16	15	9	10	13	10	20	18	25	8	12	16	7	8	13	11	15	16	7	15	16	13	19	9	13	17	12	15	13	10	10	11	8	10	11	
strength(weighted)	0.589046	1.95966	0.745162	2.64251	0.401771	0.579206	2.04854	0.735979	0.569367	1.53067	0.479501	1.43326	1.388	1.76353	0.957035	1.70089	0.372581	0.470646	0.735651	0.908823	0.8347	1.7819	0.976714	0.738275	3.67366	1.94162	2.65169	0.429977	0.743522	1.6471	1.50377	2.01181	1.62316	2.3552	0.588718	0.818957	0.588718	1.52607	1.37947	2.06494	1.35061	1.45359	1.69334	2.91538	0.882584	0.583142	1.71532	0.462775	0.190226	0.845195	0.52509	1.44408	2.3611	1.0023	0.786815	1.74123	0.612332	0.69531	0.227616	1.10233	1.94654	0.379141	0.578222	0.876353	1.45622	1.58216	1.79305	0.654313	0.816989	0.860938	0.494916	1.6589	0.759265	2.93309	0.379797	1.16661	1.77271	0.52837	0.64513	0.929485	1.21778	1.58806	1.87602	0.61102	1.31584	1.71236	0.897343	1.15415	0.933093	0.945884	1.16956	1.95736	2.75271	0.43916	0.769433	0.639554	0.644802	0.864874	1.82781	0.842899	
cluster_coef(binary)	0.777778	0.609524	0.75	0.473684	0.466667	0.551282	0.529412	0.530303	0.4	0.533333	0.509804	0.571429	0.56044	0.383333	0.727273	0.580952	0.621212	0.714286	0.509091	0.589744	0.527473	0.409357	0.588235	0.432749	0.299242	0.8	0.393939	0.464286	0.666667	0.516484	0.505495	0.742424	0.566667	0.583333	0.604396	0.47619	0.75	0.809524	0.369231	0.516667	0.714286	0.636364	0.497076	0.626374	0.522876	0.555556	0.648352	0.74359	0.535714	0.777778	0.5	0.439394	0.508333	0.469697	0.433824	0.485714	0.611111	0.47619	0.6	0.375	0.494505	0.433333	0.484848	0.527778	0.357143	0.433333	0.52381	0.416667	0.644444	0.461538	0.533333	0.378947	0.45098	0.373333	0.607143	0.712121	0.541667	0.47619	0.642857	0.384615	0.818182	0.485714	0.433333	0.666667	0.533333	0.6	0.512821	0.461988	0.611111	0.705128	0.529412	0.606061	0.657143	0.641026	0.8	0.644444	0.581818	0.821429	0.733333	0.527273	
cluster_coef(weighted)	0.034198	0.0375899	0.0488951	0.0351677	0.0179024	0.0230822	0.0273466	0.0195495	0.0150722	0.0361319	0.0158659	0.0357731	0.0337139	0.0192602	0.0358745	0.0345924	0.0144465	0.032673	0.0247491	0.0269416	0.025925	0.0244673	0.0300017	0.014574	0.0194975	0.0889085	0.0317162	0.0289603	0.0385122	0.0419753	0.0270504	0.0597208	0.0375834	0.0534853	0.0206334	0.0195507	0.0259384	0.0998527	0.0150827	0.0443958	0.075642	0.0515635	0.0259526	0.0622297	0.0260604	0.0275521	0.0419523	0.0218919	0.0187355	0.058438	0.0262829	0.031335	0.0437707	0.0231125	0.0146028	0.0299711	0.0352303	0.0302014	0.0215561	0.0173842	0.0368308	0.0128664	0.0221554	0.0280691	0.0187227	0.0279112	0.0352701	0.0226579	0.0338829	0.0232968	0.019799	0.0210231	0.0151673	0.0242447	0.0222723	0.040079	0.0412691	0.0371173	0.0477948	0.0213015	0.0479531	0.0294245	0.0342306	0.0596794	0.0330259	0.0396823	0.0215746	0.0215274	0.0390754	0.0318293	0.0262437	0.0594525	0.0596313	0.0189809	0.0360229	0.0355128	0.0297599	0.072048	0.0694077	0.0305114	
local_efficiency(binary)	0.888889	0.804762	0.875	0.726121	0.696296	0.769231	0.757081	0.762626	0.671429	0.761905	0.748366	0.779365	0.772894	0.666389	0.863636	0.780952	0.810606	0.857143	0.745455	0.790598	0.752747	0.687135	0.794118	0.690058	0.609848	0.9	0.686147	0.693452	0.833333	0.758242	0.745421	0.871212	0.776389	0.791667	0.802198	0.725397	0.875	0.904762	0.655385	0.748611	0.857143	0.815657	0.74269	0.813187	0.761438	0.759259	0.824176	0.871795	0.755952	0.888889	0.720238	0.70202	0.751389	0.719697	0.696691	0.733333	0.800926	0.722222	0.8	0.651961	0.745421	0.704167	0.734848	0.75	0.656349	0.698611	0.753968	0.685185	0.814815	0.720085	0.766667	0.659649	0.715686	0.668889	0.797619	0.856061	0.768056	0.694444	0.821429	0.660256	0.909091	0.725397	0.695833	0.833333	0.766667	0.8	0.74359	0.726121	0.800926	0.852564	0.764706	0.79798	0.828571	0.811966	0.9	0.818519	0.787879	0.910714	0.866667	0.760606	
local_efficiency(weighted)	0.0446142	0.0636353	0.0670225	0.066222	0.0306117	0.0402578	0.0477729	0.0379678	0.0374507	0.0585386	0.0329933	0.0602787	0.0616433	0.047403	0.0510327	0.0602364	0.0241127	0.0491947	0.0480942	0.0477857	0.047549	0.0611826	0.0515324	0.0319261	0.0639347	0.140879	0.0769043	0.0544972	0.0538082	0.0680723	0.0519352	0.0892011	0.0652683	0.0991475	0.0325656	0.0357359	0.0459538	0.133653	0.0384388	0.083786	0.117341	0.0732123	0.0557764	0.113975	0.0541305	0.0447514	0.0666259	0.0368305	0.0281403	0.075664	0.0453168	0.0616541	0.0891128	0.0438163	0.0320974	0.0594253	0.0628854	0.0592408	0.0363407	0.042335	0.065961	0.0298652	0.0446218	0.0477986	0.0460297	0.056536	0.0702771	0.0471646	0.0505634	0.0503435	0.0382858	0.0501787	0.0317721	0.0656447	0.0411465	0.0571126	0.0681623	0.062596	0.0639385	0.0457792	0.0715036	0.0569746	0.0678942	0.0913342	0.0611982	0.0837188	0.0409229	0.0434779	0.0660841	0.0531144	0.0501066	0.0902334	0.109087	0.0346951	0.0533692	0.0601398	0.0487703	0.0937903	0.0953622	0.0606822	
betweenness_centrality(binary)	10.9531	76.3688	3.69196	183.48	148.083	83.8775	155.185	41.0319	319.832	154.839	190.436	96.2588	102.879	484.661	19.6994	95.6386	21.6201	5.32523	57.2095	49.1431	47.1483	311.324	68.73	609.156	1804.47	4.77319	465.316	78.8483	40.2928	99.6129	106.335	17.1367	117.63	64.285	51.139	163.515	20.4052	1.67282	838.399	81.9155	8.02398	69.2821	115.907	24.1386	145.71	96.032	30.1409	24.274	77.7285	14.5487	126.443	126.994	146.926	83.2589	229.043	83.8991	42.8351	34.7686	16.7762	570.025	109.842	251.274	121.057	37.9886	373.152	196.021	188.763	47.7232	48.0087	204.298	28.1281	389.572	525.322	619.096	14.6105	7.93566	140.963	71.7931	60.4814	215.986	12.3984	262.573	399.948	10.6991	108.512	60.912	154.509	188.677	23.3189	11.4887	137.346	41.2862	28.4826	73.5923	11.5314	37.8385	67.4265	5.97372	13.4314	30.9686	
betweenness_centrality(weighted)	9.20064	119.268	9.39065	289.617	189.464	117.766	219.66	34.1237	247.883	154.551	204.246	86.3925	91.8331	686.84	15.9925	82.1918	29.0308	4.95776	44.4896	47.3386	51.1053	325.855	71.6706	669.054	1550.12	4.55114	431.153	72.5101	39.901	76.1472	109.228	16.5869	106.564	50.7009	44.2825	134.518	11.8106	1.67282	760.302	71.9138	9.47385	50.8127	109.786	21.4173	123.695	79.9206	28.9395	77.0815	70.6136	10.574	183.439	138.775	139.76	230.039	219.795	80.7018	33.6585	25.1056	12.267	468.351	100.578	217.196	85.9688	33.8082	353.438	159.926	139.303	44.9431	44.0221	150.11	25.8967	309.525	395.225	476.339	13.7216	7.559	106.751	58.1595	46.4847	154.096	8.60364	201.642	330.726	11.2025	82.3997	48.0659	118.543	172.156	18.8441	10.627	120.779	34.2451	25.7381	59.1612	7.88335	61.9562	62.8546	4.31013	11.1265	29.9935	
eigenvector_centrality(binary)	0.0571389	0.106106	0.0469059	0.139005	0.049513	0.0849997	0.127202	0.085904	0.128226	0.116965	0.145101	0.118373	0.106612	0.165996	0.0980019	0.118721	0.0832188	0.0516613	0.0769339	0.109691	0.0951739	0.134804	0.14158	0.158268	0.250963	0.0857638	0.173994	0.0483739	0.0401093	0.0974798	0.102908	0.10621	0.129022	0.130807	0.114775	0.115806	0.0770209	0.0653315	0.190173	0.123287	0.0524496	0.0916075	0.142617	0.114995	0.151091	0.0754944	0.115128	0.100445	0.0453436	0.0735633	0.0343159	0.0610533	0.0966012	0.0629839	0.105041	0.0980439	0.0453479	0.0269048	0.0187714	0.126138	0.0490433	0.0651572	0.0531234	0.02899	0.0913564	0.0691654	0.0921165	0.022081	0.0633608	0.0852873	0.0280227	0.099613	0.13192	0.17669	0.0233207	0.0901587	0.129222	0.0391736	0.033688	0.051653	0.0860702	0.0892336	0.0813502	0.0275791	0.106955	0.11871	0.105051	0.130205	0.0323613	0.103625	0.11807	0.0888809	0.121408	0.0929278	0.0800458	0.0613746	0.0462511	0.0318689	0.0381517	0.038234	
eigenvector_centrality(weighted)	0.00116087	0.00473792	0.00162538	0.00818656	0.000484871	0.00123797	0.00623767	0.0166317	0.023949	0.0175453	0.0153399	0.0970504	0.0566596	0.013149	0.00376303	0.00553172	0.0055452	0.00590563	0.00432765	0.06494	0.00434109	0.0321069	0.0905689	0.023963	0.267393	0.274897	0.301463	0.0441034	0.0071436	0.0148481	0.00739379	0.212493	0.0999975	0.267558	0.00194601	0.00284482	0.0668899	0.224103	0.00892803	0.234789	0.0108936	0.0126142	0.00629443	0.390453	0.0765242	0.0452171	0.156633	0.00186317	0.00175098	0.00356761	0.000780953	0.00200405	0.00379845	0.000994446	0.00155023	0.00259137	0.0106018	0.00507711	0.000930746	0.0625726	0.00693138	0.00406859	0.0177382	0.0149493	0.00371659	0.0022706	0.00280837	0.00212065	0.00201203	0.0278888	0.000855836	0.0389383	0.0204965	0.23562	0.000237575	0.111216	0.243612	0.0473734	0.00618072	0.00131218	0.0696463	0.0521468	0.0072121	0.000704907	0.0706569	0.123151	0.0640261	0.00555494	0.00101838	0.0844971	0.0103581	0.201106	0.302159	0.0199843	0.0316959	0.00402373	0.00776266	0.00427607	0.00654426	0.0013226	
pagerank_centrality(binary)	0.00715498	0.0107759	0.00654975	0.0131163	0.00805528	0.00966077	0.0125722	0.0088483	0.0105738	0.0106807	0.0123644	0.0106516	0.0100499	0.0171502	0.00870885	0.0105434	0.00887855	0.00641992	0.00822939	0.00937452	0.0101465	0.0134641	0.01181	0.0129262	0.0217605	0.00762287	0.015022	0.00670811	0.00610975	0.0102962	0.0100306	0.00871039	0.011213	0.011328	0.0098725	0.0105631	0.00623233	0.00570897	0.0173446	0.0114636	0.00660441	0.00885253	0.01303	0.0100653	0.0124319	0.00786677	0.0100902	0.00940829	0.00673923	0.00691018	0.00673597	0.00928911	0.0116386	0.00922367	0.0121626	0.0108211	0.00754301	0.00646302	0.00501976	0.0123149	0.0110477	0.0123192	0.00957691	0.00777302	0.015423	0.0121873	0.0110365	0.00808055	0.00789607	0.00986927	0.00850239	0.0146588	0.0126365	0.0171068	0.00711026	0.00888145	0.0112784	0.00605255	0.00685854	0.0104748	0.00826671	0.0112754	0.011949	0.00620993	0.010899	0.0114511	0.00938052	0.0132192	0.00762818	0.00948705	0.0119698	0.00899033	0.0106674	0.00969546	0.0076337	0.00774472	0.00883036	0.00684066	0.0082168	0.00897194	
pagerank_centrality(weighted)	0.00628537	0.0163212	0.00699322	0.0202276	0.00503206	0.00615442	0.0161081	0.0071378	0.00565902	0.0121261	0.00488777	0.0108773	0.01164	0.0145652	0.0081855	0.0141069	0.00438884	0.00513692	0.00684777	0.00770787	0.00796842	0.0142971	0.00746794	0.00695754	0.0252189	0.0123314	0.0175685	0.0040755	0.00674184	0.0130279	0.0123594	0.013174	0.012166	0.0153155	0.00589854	0.00768971	0.00515904	0.0102686	0.0122435	0.0138046	0.0110519	0.0115155	0.0137952	0.0178823	0.00695494	0.00513308	0.0119994	0.00517606	0.00290698	0.00758501	0.00559392	0.0120681	0.0192198	0.00938768	0.00764129	0.0142734	0.00670362	0.00815362	0.00355386	0.00953045	0.0160014	0.00451723	0.0061051	0.00888715	0.0123557	0.0138877	0.0153561	0.00791465	0.00758709	0.00826239	0.00622062	0.0143092	0.00718156	0.0208868	0.00505942	0.00872399	0.0118196	0.00475227	0.00621649	0.00942024	0.00957746	0.0139467	0.0153671	0.00621837	0.0108727	0.0127187	0.00760998	0.0101351	0.00923877	0.00762017	0.0103236	0.0134542	0.0180734	0.00451862	0.00679482	0.00638254	0.00636794	0.00776942	0.0147943	0.00850245	
eccentricity(binary)	4	4	5	4	4	4	4	4	3	4	4	4	4	4	4	4	5	5	4	4	5	4	4	4	3	4	3	5	5	4	4	4	4	4	4	4	3	4	3	4	5	4	4	4	4	4	4	4	4	4	4	4	4	4	4	4	4	4	4	3	4	4	4	4	4	4	4	5	4	4	5	4	3	4	5	4	4	5	4	4	4	4	3	5	4	4	3	4	4	4	4	4	4	4	4	4	4	4	4	4	
eccentricity(weighted)	46.702	43.4057	45.4955	42.3344	54.1934	47.7399	41.3344	39.2707	41.6557	39.4674	48.0655	33.8291	37.3392	43.5854	45.2917	46.0663	46.0011	44.7217	48.8407	39.4858	48.0708	43.4738	38.6846	39.1113	35.781	39.6152	35.5116	44.8629	45.9171	44.2445	48.0659	40.356	35.7002	38.2634	47.478	44.2874	37.0242	38.234	41.8937	40.6698	43.7377	41.2197	49.7495	39.7213	42.6933	43.4609	40.6034	49.3122	57.833	48.1589	49.5785	42.4212	43.9322	44.2778	46.6977	40.7159	48.1407	53.7045	57.3674	39.1353	45.1687	55.4313	47.0895	45.1763	44.1192	47.2608	46.7535	50.1218	48.6784	49.6583	52.9845	42.5118	42.9802	37.878	57.833	42.2117	37.5731	45.1476	45.3443	47.5319	45.3356	43.1259	41.5591	52.131	45.7502	44.4123	39.9437	41.9915	49.6806	43.2122	38.2411	42.0396	40.3249	49.4413	47.4938	41.585	45.3693	45.2063	44.1387	51.3408	
